0 0 2
0 1 1
0 2 2
0 3 1
0 4 2
0 5 1
0 6 2
0 7 1
0 8 2
0 9 1
0 10 2
0 11 1
0 12 2
0 13 1
0 14 2
0 15 1
0 16 2
0 17 1
0 18 2
0 19 1
0 20 2
0 21 1
0 22 2
0 23 1
0 24 2
0 25 1
0 26 2
0 27 1
0 28 2
0 29 1
0 30 2
0 31 1
1 0 1
1 1 2
1 2 1
1 3 2
1 4 1
1 5 2
1 6 1
1 7 2
1 8 1
1 9 2
1 10 1
1 11 2
1 12 1
1 13 2
1 14 1
1 15 2
1 16 1
1 17 2
1 18 1
1 19 2
1 20 1
1 21 2
1 22 1
1 23 2
1 24 1
1 25 2
1 26 1
1 27 2
1 28 1
1 29 2
1 30 1
1 31 2
2 0 2
2 1 1
2 2 2
2 3 1
2 4 2
2 5 1
2 6 2
2 7 1
2 8 2
2 9 1
2 10 2
2 11 1
2 12 2
2 13 1
2 14 2
2 15 1
2 16 2
2 17 1
2 18 2
2 19 1
2 20 2
2 21 1
2 22 2
2 23 1
2 24 2
2 25 1
2 26 2
2 27 1
2 28 2
2 29 1
2 30 2
2 31 1
3 0 1
3 1 2
3 2 1
3 3 2
3 4 1
3 5 2
3 6 1
3 7 2
3 8 1
3 9 2
3 10 1
3 11 2
3 12 1
3 13 2
3 14 1
3 15 2
3 16 1
3 17 2
3 18 1
3 19 2
3 20 1
3 21 2
3 22 1
3 23 2
3 24 1
3 25 2
3 26 1
3 27 2
3 28 1
3 29 2
3 30 1
3 31 2
4 0 2
4 1 1
4 2 2
4 3 1
4 4 2
4 5 1
4 6 2
4 7 1
4 8 2
4 9 1
4 10 2
4 11 1
4 12 2
4 13 1
4 14 2
4 15 1
4 16 2
4 17 1
4 18 2
4 19 1
4 20 2
4 21 1
4 22 2
4 23 1
4 24 2
4 25 1
4 26 2
4 27 1
4 28 2
4 29 1
4 30 2
4 31 1
5 0 1
5 1 2
5 2 1
5 3 2
5 4 1
5 5 2
5 6 1
5 7 2
5 8 1
5 9 2
5 10 1
5 11 2
5 12 1
5 13 2
5 14 1
5 15 2
5 16 1
5 17 2
5 18 1
5 19 2
5 20 1
5 21 2
5 22 1
5 23 2
5 24 1
5 25 2
5 26 1
5 27 2
5 28 1
5 29 2
5 30 1
5 31 2
6 0 2
6 1 1
6 2 2
6 3 1
6 4 2
6 5 1
6 6 2
6 7 1
6 8 2
6 9 1
6 10 2
6 11 1
6 12 2
6 13 1
6 14 2
6 15 1
6 16 2
6 17 1
6 18 2
6 19 1
6 20 2
6 21 1
6 22 2
6 23 1
6 24 2
6 25 1
6 26 2
6 27 1
6 28 2
6 29 1
6 30 2
6 31 1
7 0 1
7 1 2
7 2 1
7 3 2
7 4 1
7 5 2
7 6 1
7 7 2
7 8 1
7 9 2
7 10 1
7 11 2
7 12 1
7 13 2
7 14 1
7 15 2
7 16 1
7 17 2
7 18 1
7 19 2
7 20 1
7 21 2
7 22 1
7 23 2
7 24 1
7 25 2
7 26 1
7 27 2
7 28 1
7 29 2
7 30 1
7 31 2
8 0 2
8 1 1
8 2 2
8 3 1
8 4 2
8 5 1
8 6 2
8 7 1
8 8 2
8 9 1
8 10 2
8 11 1
8 12 2
8 13 1
8 14 2
8 15 1
8 16 2
8 17 1
8 18 2
8 19 1
8 20 2
8 21 1
8 22 2
8 23 1
8 24 2
8 25 1
8 26 2
8 27 1
8 28 2
8 29 1
8 30 2
8 31 1
9 0 1
9 1 2
9 2 1
9 3 2
9 4 1
9 5 2
9 6 1
9 7 2
9 8 1
9 9 2
9 10 1
9 11 2
9 12 1
9 13 2
9 14 1
9 15 2
9 16 1
9 17 2
9 18 1
9 19 2
9 20 1
9 21 2
9 22 1
9 23 2
9 24 1
9 25 2
9 26 1
9 27 2
9 28 1
9 29 2
9 30 1
9 31 2
10 0 2
10 1 1
10 2 2
10 3 1
10 4 2
10 5 1
10 6 2
10 7 1
10 8 2
10 9 1
10 10 2
10 11 1
10 12 2
10 13 1
10 14 2
10 15 1
10 16 2
10 17 1
10 18 2
10 19 1
10 20 2
10 21 1
10 22 2
10 23 1
10 24 2
10 25 1
10 26 2
10 27 1
10 28 2
10 29 1
10 30 2
10 31 1
11 0 1
11 1 2
11 2 1
11 3 2
11 4 1
11 5 2
11 6 1
11 7 2
11 8 1
11 9 2
11 10 1
11 11 2
11 12 1
11 13 2
11 14 1
11 15 2
11 16 1
11 17 2
11 18 1
11 19 2
11 20 1
11 21 2
11 22 1
11 23 2
11 24 1
11 25 2
11 26 1
11 27 2
11 28 1
11 29 2
11 30 1
11 31 2
12 0 2
12 1 1
12 2 2
12 3 1
12 4 2
12 5 1
12 6 2
12 7 1
12 8 2
12 9 1
12 10 2
12 11 1
12 12 2
12 13 1
12 14 2
12 15 1
12 16 2
12 17 1
12 18 2
12 19 1
12 20 2
12 21 1
12 22 2
12 23 1
12 24 2
12 25 1
12 26 2
12 27 1
12 28 2
12 29 1
12 30 2
12 31 1
13 0 1
13 1 2
13 2 1
13 3 2
13 4 1
13 5 2
13 6 1
13 7 2
13 8 1
13 9 2
13 10 1
13 11 2
13 12 1
13 13 2
13 14 1
13 15 2
13 16 1
13 17 2
13 18 1
13 19 2
13 20 1
13 21 2
13 22 1
13 23 2
13 24 1
13 25 2
13 26 1
13 27 2
13 28 1
13 29 2
13 30 1
13 31 2
14 0 2
14 1 1
14 2 2
14 3 1
14 4 2
14 5 1
14 6 2
14 7 1
14 8 2
14 9 1
14 10 2
14 11 1
14 12 2
14 13 1
14 14 2
14 15 1
14 16 2
14 17 1
14 18 2
14 19 1
14 20 2
14 21 1
14 22 2
14 23 1
14 24 2
14 25 1
14 26 2
14 27 1
14 28 2
14 29 1
14 30 2
14 31 1
15 0 1
15 1 2
15 2 1
15 3 2
15 4 1
15 5 2
15 6 1
15 7 2
15 8 1
15 9 2
15 10 1
15 11 2
15 12 1
15 13 2
15 14 1
15 15 2
15 16 1
15 17 2
15 18 1
15 19 2
15 20 1
15 21 2
15 22 1
15 23 2
15 24 1
15 25 2
15 26 1
15 27 2
15 28 1
15 29 2
15 30 1
15 31 2
16 0 2
16 1 1
16 2 2
16 3 1
16 4 2
16 5 1
16 6 2
16 7 1
16 8 2
16 9 1
16 10 2
16 11 1
16 12 2
16 13 1
16 14 2
16 15 1
16 16 2
16 17 1
16 18 2
16 19 1
16 20 2
16 21 1
16 22 2
16 23 1
16 24 2
16 25 1
16 26 2
16 27 1
16 28 2
16 29 1
16 30 2
16 31 1
17 0 1
17 1 2
17 2 1
17 3 2
17 4 1
17 5 2
17 6 1
17 7 2
17 8 1
17 9 2
17 10 1
17 11 2
17 12 1
17 13 2
17 14 1
17 15 2
17 16 1
17 17 2
17 18 1
17 19 2
17 20 1
17 21 2
17 22 1
17 23 2
17 24 1
17 25 2
17 26 1
17 27 2
17 28 1
17 29 2
17 30 1
17 31 2
18 0 2
18 1 1
18 2 2
18 3 1
18 4 2
18 5 1
18 6 2
18 7 1
18 8 2
18 9 1
18 10 2
18 11 1
18 12 2
18 13 1
18 14 2
18 15 1
18 16 2
18 17 1
18 18 2
18 19 1
18 20 2
18 21 1
18 22 2
18 23 1
18 24 2
18 25 1
18 26 2
18 27 1
18 28 2
18 29 1
18 30 2
18 31 1
19 0 1
19 1 2
19 2 1
19 3 2
19 4 1
19 5 2
19 6 1
19 7 2
19 8 1
19 9 2
19 10 1
19 11 2
19 12 1
19 13 2
19 14 1
19 15 2
19 16 1
19 17 2
19 18 1
19 19 2
19 20 1
19 21 2
19 22 1
19 23 2
19 24 1
19 25 2
19 26 1
19 27 2
19 28 1
19 29 2
19 30 1
19 31 2
20 0 2
20 1 1
20 2 2
20 3 1
20 4 2
20 5 1
20 6 2
20 7 1
20 8 2
20 9 1
20 10 2
20 11 1
20 12 2
20 13 1
20 14 2
20 15 1
20 16 2
20 17 1
20 18 2
20 19 1
20 20 2
20 21 1
20 22 2
20 23 1
20 24 2
20 25 1
20 26 2
20 27 1
20 28 2
20 29 1
20 30 2
20 31 1
21 0 1
21 1 2
21 2 1
21 3 2
21 4 1
21 5 2
21 6 1
21 7 2
21 8 1
21 9 2
21 10 1
21 11 2
21 12 1
21 13 2
21 14 1
21 15 2
21 16 1
21 17 2
21 18 1
21 19 2
21 20 1
21 21 2
21 22 1
21 23 2
21 24 1
21 25 2
21 26 1
21 27 2
21 28 1
21 29 2
21 30 1
21 31 2
22 0 2
22 1 1
22 2 2
22 3 1
22 4 2
22 5 1
22 6 2
22 7 1
22 8 2
22 9 1
22 10 2
22 11 1
22 12 2
22 13 1
22 14 2
22 15 1
22 16 2
22 17 1
22 18 2
22 19 1
22 20 2
22 21 1
22 22 2
22 23 1
22 24 2
22 25 1
22 26 2
22 27 1
22 28 2
22 29 1
22 30 2
22 31 1
23 0 1
23 1 2
23 2 1
23 3 2
23 4 1
23 5 2
23 6 1
23 7 2
23 8 1
23 9 2
23 10 1
23 11 2
23 12 1
23 13 2
23 14 1
23 15 2
23 16 1
23 17 2
23 18 1
23 19 2
23 20 1
23 21 2
23 22 1
23 23 2
23 24 1
23 25 2
23 26 1
23 27 2
23 28 1
23 29 2
23 30 1
23 31 2
24 0 2
24 1 1
24 2 2
24 3 1
24 4 2
24 5 1
24 6 2
24 7 1
24 8 2
24 9 1
24 10 2
24 11 1
24 12 2
24 13 1
24 14 2
24 15 1
24 16 2
24 17 1
24 18 2
24 19 1
24 20 2
24 21 1
24 22 2
24 23 1
24 24 2
24 25 1
24 26 2
24 27 1
24 28 2
24 29 1
24 30 2
24 31 1
25 0 1
25 1 2
25 2 1
25 3 2
25 4 1
25 5 2
25 6 1
25 7 2
25 8 1
25 9 2
25 10 1
25 11 2
25 12 1
25 13 2
25 14 1
25 15 2
25 16 1
25 17 2
25 18 1
25 19 2
25 20 1
25 21 2
25 22 1
25 23 2
25 24 1
25 25 2
25 26 1
25 27 2
25 28 1
25 29 2
25 30 1
25 31 2
26 0 2
26 1 1
26 2 2
26 3 1
26 4 2
26 5 1
26 6 2
26 7 1
26 8 2
26 9 1
26 10 2
26 11 1
26 12 2
26 13 1
26 14 2
26 15 1
26 16 2
26 17 1
26 18 2
26 19 1
26 20 2
26 21 1
26 22 2
26 23 1
26 24 2
26 25 1
26 26 2
26 27 1
26 28 2
26 29 1
26 30 2
26 31 1
27 0 1
27 1 2
27 2 1
27 3 2
27 4 1
27 5 2
27 6 1
27 7 2
27 8 1
27 9 2
27 10 1
27 11 2
27 12 1
27 13 2
27 14 1
27 15 2
27 16 1
27 17 2
27 18 1
27 19 2
27 20 1
27 21 2
27 22 1
27 23 2
27 24 1
27 25 2
27 26 1
27 27 2
27 28 1
27 29 2
27 30 1
27 31 2
28 0 2
28 1 1
28 2 2
28 3 1
28 4 2
28 5 1
28 6 2
28 7 1
28 8 2
28 9 1
28 10 2
28 11 1
28 12 2
28 13 1
28 14 2
28 15 1
28 16 2
28 17 1
28 18 2
28 19 1
28 20 2
28 21 1
28 22 2
28 23 1
28 24 2
28 25 1
28 26 2
28 27 1
28 28 2
28 29 1
28 30 2
28 31 1
29 0 1
29 1 2
29 2 1
29 3 2
29 4 1
29 5 2
29 6 1
29 7 2
29 8 1
29 9 2
29 10 1
29 11 2
29 12 1
29 13 2
29 14 1
29 15 2
29 16 1
29 17 2
29 18 1
29 19 2
29 20 1
29 21 2
29 22 1
29 23 2
29 24 1
29 25 2
29 26 1
29 27 2
29 28 1
29 29 2
29 30 1
29 31 2
30 0 2
30 1 1
30 2 2
30 3 1
30 4 2
30 5 1
30 6 2
30 7 1
30 8 2
30 9 1
30 10 2
30 11 1
30 12 2
30 13 1
30 14 2
30 15 1
30 16 2
30 17 1
30 18 2
30 19 1
30 20 2
30 21 1
30 22 2
30 23 1
30 24 2
30 25 1
30 26 2
30 27 1
30 28 2
30 29 1
30 30 2
30 31 1
31 0 1
31 1 2
31 2 1
31 3 2
31 4 1
31 5 2
31 6 1
31 7 2
31 8 1
31 9 2
31 10 1
31 11 2
31 12 1
31 13 2
31 14 1
31 15 2
31 16 1
31 17 2
31 18 1
31 19 2
31 20 1
31 21 2
31 22 1
31 23 2
31 24 1
31 25 2
31 26 1
31 27 2
31 28 1
31 29 2
31 30 1
31 31 2
